saved results/sweep_preload.csv (2240 episodes)
tip[g]  L[mm]  r[mm]  success  success&cable  median_t_up[s]  hold_torque_rms_p90[Nm]
    0     40     30      0%            0%         nan             nan
    0     40     40      0%            0%         nan             nan
    0     40     50      0%            0%         nan             nan
    0     40     60      0%            0%         nan             nan
    0     40     80      0%            0%         nan             nan
    0     50     30      0%            0%         nan             nan
    0     50     40      0%            0%         nan             nan
    0     50     50      0%            0%         nan             nan
    0     50     60      0%            0%         nan             nan
    0     50     80      0%            0%         nan             nan
    0     60     30      0%            0%         nan             nan
    0     60     40      0%            0%         nan             nan
    0     60     50      0%            0%         nan             nan
    0     60     60      0%            0%         nan             nan
    0     60     80     12%           12%         3.5           0.067
    0     80     30      0%            0%         nan             nan
    0     80     40      0%            0%         nan             nan
    0     80     50      6%            6%         4.5           0.087
    0     80     60     56%           56%         1.2           0.084
    0     80     80     69%           69%         0.9           0.080
    0    100     30      0%            0%         nan             nan
    0    100     40     12%            6%         3.3           0.059
    0    100     50     69%           69%         1.3           0.098
    0    100     60     69%           69%         1.0           0.089
    0    100     80     81%           81%         1.0           0.112
    0    120     30      6%            6%         2.3           0.089
    0    120     40     56%           50%         1.9           0.123
    0    120     50     69%           69%         1.4           0.100
    0    120     60     75%           75%         1.2           0.088
    0    120     80    100%          100%         1.1           0.110
    0    150     30     31%           31%         2.8           0.187
    0    150     40     62%           62%         1.8           0.142
    0    150     50     81%           81%         1.7           0.122
    0    150     60    100%          100%         1.3           0.138
    0    150     80    100%          100%         1.3           0.107
    2     40     30      6%            6%         1.6           0.053
    2     40     40     62%           56%         1.5           0.082
    2     40     50     69%           69%         0.8           0.075
    2     40     60     75%           75%         0.7           0.068
    2     40     80    100%          100%         0.5           0.092
    2     50     30     44%           31%         4.0           0.101
    2     50     40     69%           62%         1.1           0.087
    2     50     50     81%           75%         0.9           0.092
    2     50     60    100%          100%         0.8           0.104
    2     50     80    100%          100%         0.6           0.081
    2     60     30     56%           56%         3.3           0.115
    2     60     40     75%           75%         1.2           0.096
    2     60     50     88%           88%         1.1           0.094
    2     60     60    100%          100%         0.9           0.097
    2     60     80    100%          100%         0.8           0.078
    2     80     30     69%           69%         2.2           0.148
    2     80     40     94%           94%         1.4           0.129
    2     80     50    100%          100%         1.4           0.121
    2     80     60    100%          100%         1.1           0.102
    2     80     80    100%          100%         1.0           0.088
    2    100     30     75%           69%         2.9           0.176
    2    100     40    100%          100%         1.6           0.152
    2    100     50    100%          100%         1.5           0.126
    2    100     60    100%           94%         1.2           0.109
    2    100     80    100%           88%         1.3           0.097
    2    120     30     75%           69%         2.8           0.204
    2    120     40    100%          100%         1.8           0.167
    2    120     50    100%           94%         1.8           0.141
    2    120     60    100%           88%         1.4           0.120
    2    120     80    100%          100%         1.4           0.096
    2    150     30     88%           75%         3.0           0.241
    2    150     40     94%           94%         2.1           0.191
    2    150     50    100%           94%         2.4           0.167
    2    150     60     94%           88%         1.6           0.145
    2    150     80    100%           81%         1.6           0.132
    4     40     30     62%           62%         1.9           0.090
    4     40     40     81%           81%         1.0           0.089
    4     40     50     94%           88%         0.8           0.083
    4     40     60    100%          100%         0.8           0.081
    4     40     80    100%          100%         0.5           0.065
    4     50     30     69%           69%         1.7           0.105
    4     50     40     94%           94%         1.1           0.102
    4     50     50    100%          100%         0.9           0.094
    4     50     60    100%          100%         0.9           0.081
    4     50     80    100%          100%         0.6           0.066
    4     60     30     81%           81%         2.0           0.121
    4     60     40    100%          100%         1.2           0.120
    4     60     50    100%          100%         1.0           0.096
    4     60     60    100%           94%         1.0           0.084
    4     60     80    100%          100%         0.7           0.069
    4     80     30     81%           81%         2.3           0.151
    4     80     40    100%          100%         1.4           0.127
    4     80     50    100%          100%         1.3           0.107
    4     80     60    100%           94%         1.1           0.094
    4     80     80    100%          100%         1.0           0.086
    4    100     30     75%           62%         2.6           0.184
    4    100     40    100%          100%         1.6           0.151
    4    100     50    100%          100%         1.6           0.124
    4    100     60    100%           94%         1.3           0.107
    4    100     80    100%           88%         1.3           0.087
    4    120     30     88%           75%         3.7           0.221
    4    120     40    100%          100%         1.9           0.174
    4    120     50    100%          100%         1.9           0.146
    4    120     60     94%           88%         1.5           0.117
    4    120     80    100%           94%         1.4           0.099
    4    150     30     81%           81%         3.3           0.251
    4    150     40    100%           94%         2.2           0.208
    4    150     50    100%          100%         2.4           0.172
    4    150     60    100%           94%         2.4           0.148
    4    150     80    100%           94%         1.6           0.118
    8     40     30     69%           69%         1.3           0.092
    8     40     40    100%          100%         1.0           0.092
    8     40     50    100%          100%         0.8           0.076
    8     40     60    100%          100%         0.8           0.067
    8     40     80    100%          100%         0.5           0.061
    8     50     30     81%           81%         1.4           0.107
    8     50     40    100%          100%         1.1           0.096
    8     50     50    100%          100%         0.9           0.081
    8     50     60    100%          100%         0.9           0.072
    8     50     80    100%          100%         0.6           0.065
    8     60     30     94%           94%         1.7           0.130
    8     60     40    100%          100%         1.2           0.102
    8     60     50    100%          100%         1.0           0.088
    8     60     60    100%          100%         1.0           0.079
    8     60     80    100%          100%         0.8           0.068
    8     80     30    100%          100%         2.2           0.162
    8     80     40    100%          100%         1.4           0.127
    8     80     50    100%          100%         1.4           0.105
    8     80     60    100%           94%         1.2           0.091
    8     80     80    100%          100%         0.9           0.088
    8    100     30    100%           94%         3.0           0.192
    8    100     40    100%          100%         1.7           0.149
    8    100     50    100%           94%         1.7           0.127
    8    100     60    100%           94%         1.3           0.108
    8    100     80    100%           81%         1.3           0.101
    8    120     30    100%           88%         3.4           0.223
    8    120     40    100%           94%         1.9           0.178
    8    120     50    100%          100%         1.9           0.146
    8    120     60    100%           88%         1.7           0.124
    8    120     80    100%           94%         1.5           0.101
    8    150     30     81%           75%         3.4           0.254
    8    150     40    100%          100%         2.2           0.212
    8    150     50    100%           94%         2.2           0.180
    8    150     60     94%           88%         2.5           0.145
    8    150     80    100%          100%         1.6           0.145
